%YAML:1.0
---
K: !!opencv-matrix
   rows: 3
   cols: 3
   dt: d
   data: [ 5.5451930849818291e+02, 0., 3.1965139347481562e+02, 0.,
       5.5440536607433683e+02, 2.3981975342028701e+02, 0., 0., 1. ]
D: !!opencv-matrix
   rows: 1
   cols: 5
   dt: d
   data: [ -4.1887636147500493e-03, 1.3654228374702128e-02,
       1.5046993169382585e-04, 3.6442759218181244e-05,
       -2.3985287417583233e-02 ]
