%YAML:1.0
---
K: !!opencv-matrix
   rows: 3
   cols: 3
   dt: d
   data: [ 5.5529410039273398e+02, 0., 3.1948405734558366e+02, 0.,
       5.5522112023931243e+02, 2.3922255984656684e+02, 0., 0., 1. ]
D: !!opencv-matrix
   rows: 1
   cols: 5
   dt: d
   data: [ 7.9473740591623596e-04, -5.6156903915245034e-03,
       -4.2553456212456400e-05, -4.5806207536830618e-05,
       9.7120383506983585e-03 ]
